#Title: Ultra-faint dwarfs in a Milky Way context: Introducing the Mint 
#       Condition DC Justice League Simulations 
#Authors: Applebaum E., Brooks A.M., Christensen C.R., Munshi F., 
#         Quinn T.R., Shen S., Tremmel M. 
#Table: Properties of individual dwarf galaxies
#================================================================================
#Byte-by-byte Description of file: apjabcafat2_mrt.txt
#--------------------------------------------------------------------------------
#   Bytes Format Units     Label   Explanations
#--------------------------------------------------------------------------------
#   1-  6 A6     ---       Sim     Simulation identifier
#   8- 11 I4     ---       Halo    Simulation halo number
#  13- 19 E7.1   solMass   Mvir    Virial mass
#  21- 27 E7.1   solMass   Mpeak   Peak halo mass
#  29- 35 E7.1   solMass   M*      Stellar mass
#  37- 43 E7.1   solMass   Mgas    Total gas mass
#  45- 51 E7.1   solMass   MHI     HI mass
#  53- 57 F5.1   mag       VMag    Absolute V band magnitude
#  59- 62 I4     pc        rh      ? Half-light radius; see Section 4.4
#  64- 67 F4.1   [Sun]     [Fe/H]  Metallicity
#  69- 71 I3     kpc       Rgal    Galactocentric distance
#  73- 76 F4.1   Gyr       tau90   Time when 90% of stars have formed
#      78 A1     ---     f_tau90   [*] Indicates star formation still ongoing
#--------------------------------------------------------------------------------
Sandra    2 9.1e+10 1.3e+11 2.0e+09 6.5e+09 2.3e+09 -18.5 2730 -0.9 203 13.0 
Sandra    3 4.4e+10 7.0e+10 1.4e+09 1.6e+09 6.3e+08 -17.4 2310 -0.9 235 11.5 
Sandra    4 3.1e+10 3.9e+10 3.2e+08 9.1e+08 3.1e+08 -15.8 2370 -1.2 255 11.1 
Sandra    5 3.0e+10 4.2e+10 2.3e+08 9.5e+08 3.5e+08 -15.5 1530 -1.3 337 11.3 
Sandra    6 1.6e+10 2.9e+10 1.9e+08 1.6e+07 3.3e+06 -14.7  839 -1.3 347  5.0 
Sandra    7 1.2e+10 2.2e+10 9.5e+07 9.2e+08 3.3e+08 -14.9 1750 -1.3 152 12.1 
Sandra   10 1.3e+10 1.3e+10 2.3e+07 8.6e+07 1.8e+07 -12.9 1090 -1.5 375  9.9 
Sandra   11 8.9e+09 1.7e+10 1.0e+08 1.0e+07 2.7e+06 -13.9 1040 -1.5 215  3.0 
Sandra   12 9.5e+09 1.0e+10 9.6e+06 1.9e+08 5.8e+07 -12.6 1060 -1.6 296 12.5 
Sandra   15 6.5e+09 7.5e+09 5.2e+06 8.7e+07 2.6e+07 -12.0  721 -1.6 403 12.7 
Sandra   17 3.6e+09 1.2e+10 7.4e+07 6.0e+07 1.4e+07 -13.8 1630 -1.3 278  8.0 
Sandra   21 3.0e+09 9.6e+09 4.4e+07 1.5e+08 3.7e+07 -13.5 1510 -1.4 248  9.9 
Sandra   22 4.1e+09 4.7e+09 4.9e+06 3.0e+07 6.6e+06 -11.6  450 -1.7 256 12.2 
Sandra   23 3.7e+09 4.0e+09 5.5e+05 1.9e+06 1.5e+05  -8.3  468 -2.1 547  3.4  
Sandra   24 3.6e+09 3.6e+09 6.2e+04 4.1e+06 3.5e+05  -6.3  378 -2.8 634  2.3  
Sandra   27 3.1e+09 4.9e+09 4.4e+06 0.0e+00 0.0e+00 -10.6  477 -1.8 394  5.4  
Sandra   28 2.7e+09 4.8e+09 5.1e+06 5.9e+07 9.6e+06 -11.4 1050 -1.7 533 10.3 
Sandra   29 3.0e+09 3.0e+09 6.5e+04 1.2e+06 1.5e+04  -6.0  439 -2.7 601  2.2  
Sandra   32 6.0e+08 9.4e+09 7.3e+07 0.0e+00 0.0e+00 -13.6 2120 -1.4  66  4.7  
Sandra   33 1.3e+09 7.0e+09 3.8e+07 4.0e+06 4.7e+05 -12.9 1980 -1.6 125  5.9  
Sandra   34 2.3e+09 2.3e+09 7.3e+04 0.0e+00 0.0e+00  -6.1  342 -2.6 367  1.9  
Sandra   35 1.8e+09 6.2e+09 1.3e+07 8.8e+06 1.6e+06 -11.9 1110 -1.6 161  7.2  
Sandra   39 2.0e+09 3.7e+09 4.2e+05 0.0e+00 0.0e+00  -9.1  235 -2.1 280 12.3  
Sandra   41 1.9e+09 2.4e+09 2.5e+04 0.0e+00 0.0e+00  -4.9      -3.0 263  0.6  
Sandra   47 1.6e+09 1.6e+09 8.5e+04 0.0e+00 0.0e+00  -6.2  582 -2.5 878  1.5  
Sandra   49 1.6e+09 2.6e+09 1.2e+06 0.0e+00 0.0e+00  -9.2  266 -2.0 491  5.2  
Sandra   51 1.2e+09 5.3e+09 3.8e+06 1.0e+07 3.6e+06 -11.2  825 -1.8  74 10.8 
Sandra   53 1.3e+09 2.0e+09 1.8e+04 0.0e+00 0.0e+00  -4.5      -2.9 280  0.7  
Sandra   55 1.3e+09 2.3e+09 7.9e+04 0.0e+00 0.0e+00  -6.2  578 -2.6 305  1.3  
Sandra   63 9.0e+08 1.4e+09 3.2e+06 0.0e+00 0.0e+00 -10.2  508 -2.3 321  1.9  
Sandra   68 3.4e+08 5.0e+09 1.8e+07 0.0e+00 0.0e+00 -12.1 1140 -1.5 127  6.4  
Sandra   74 7.3e+08 2.1e+09 1.0e+06 0.0e+00 0.0e+00  -9.0  303 -2.1 432  4.4  
Sandra   76 7.2e+08 1.4e+09 3.1e+05 0.0e+00 0.0e+00  -7.7  427 -2.4 315  1.7  
Sandra   77 6.7e+08 3.4e+09 2.2e+06 0.0e+00 0.0e+00 -10.1  839 -1.8 143  8.7  
Sandra   92 5.6e+08 3.2e+09 8.7e+05 0.0e+00 0.0e+00  -9.3  335 -1.8 415 10.8  
Sandra   93 5.6e+08 1.3e+09 2.2e+05 0.0e+00 0.0e+00  -7.3  423 -2.5 461  2.2  
Sandra  138 3.0e+08 2.2e+09 3.2e+05 0.0e+00 0.0e+00  -7.7  536 -2.3 176  2.3  
Sandra  179 1.7e+08 3.3e+09 2.2e+06 0.0e+00 0.0e+00  -9.9 1010 -1.9 264  7.0  
Sandra  194 1.9e+08 1.2e+09 8.2e+05 0.0e+00 0.0e+00  -8.7  415 -2.2 191  2.1  
Sandra  204 1.8e+08 7.9e+08 5.9e+05 0.0e+00 0.0e+00  -8.3  580 -2.3 196  1.8  
Sandra  210 1.9e+08 1.1e+09 9.8e+03 0.0e+00 0.0e+00  -4.0      -3.2 325  2.2  
Sandra  266 1.4e+08 5.4e+08 2.8e+05 0.0e+00 0.0e+00  -7.5  351 -2.5 113  1.0  
Sandra  271 1.5e+08 6.0e+08 4.5e+04 0.0e+00 0.0e+00  -5.6  393 -2.8 257  0.9  
Sandra  278 1.4e+08 1.8e+09 1.4e+05 0.0e+00 0.0e+00  -6.8  493 -2.4 306  1.7  
Sandra  331 1.2e+08 9.9e+08 9.5e+04 0.0e+00 0.0e+00  -6.4  454 -2.8 338  1.1  
Sandra  374 1.1e+08 3.3e+08 6.8e+03 0.0e+00 0.0e+00  -3.5      -3.2 113  0.6  
Sandra  412 9.7e+07 1.1e+09 1.7e+04 0.0e+00 0.0e+00  -4.6      -3.8 193  0.2  
Sandra  422 9.4e+07 4.6e+08 2.8e+04 0.0e+00 0.0e+00  -5.0      -2.9 142  0.7  
Sandra  459 7.7e+07 2.1e+09 3.6e+05 0.0e+00 0.0e+00  -7.8  562 -2.3 132  2.3  
Sandra  478 5.7e+07 9.1e+08 9.3e+05 0.0e+00 0.0e+00  -8.8  774 -2.1 161  2.0  
Sandra  567 7.0e+07 7.7e+08 6.8e+03 0.0e+00 0.0e+00  -3.5      -3.2 286  0.8  
Sandra  674 5.1e+07 9.5e+08 2.3e+05 0.0e+00 0.0e+00  -7.3  516 -2.4 413  1.8  
Sandra  765 4.8e+07 8.9e+08 9.7e+04 0.0e+00 0.0e+00  -6.4  436 -2.7 372  2.1  
Sandra  803 4.8e+07 5.1e+08 6.8e+03 0.0e+00 0.0e+00  -3.5      -2.9 207  0.4  
Sandra  857 4.4e+07 1.0e+09 7.4e+03 0.0e+00 0.0e+00  -3.6      -3.1  45  0.2  
Sandra 1061 3.5e+07 2.7e+08 1.3e+04 0.0e+00 0.0e+00  -4.2      -3.3 140  0.5  
Sandra 1156 3.1e+07 1.2e+08 1.0e+04 0.0e+00 0.0e+00  -4.0      -3.7  81  0.3  
Sandra 1179 1.1e+06 6.0e+09 1.1e+06 0.0e+00 0.0e+00  -9.1   48 -1.9  76  4.0  
Sandra 1413 2.5e+07 2.0e+08 6.8e+03 0.0e+00 0.0e+00  -3.5      -3.0  80  0.5  
Sandra 1425 2.5e+07 1.6e+08 1.2e+04 0.0e+00 0.0e+00  -4.1      -3.1 465  0.6  
Sandra 1467 9.5e+06 2.2e+09 5.4e+05 0.0e+00 0.0e+00  -8.3 1280 -2.0 152  3.2  
Sandra 1693 2.1e+07 1.3e+08 9.8e+03 0.0e+00 0.0e+00  -3.9      -3.4 105  0.6  
Sandra 1707 2.1e+07 5.4e+07 9.8e+03 0.0e+00 0.0e+00  -3.9      -3.4 368  0.1  
Sandra 1900 1.9e+07 1.2e+08 6.1e+03 0.0e+00 0.0e+00  -3.4      -3.9 187  0.2  
Sandra 2026 7.8e+06 1.6e+09 3.5e+05 0.0e+00 0.0e+00  -7.8 1050 -1.9 111  3.9  
Sandra 3383 8.2e+06 4.2e+08 6.8e+04 0.0e+00 0.0e+00  -6.0  548 -2.4 429  2.2  
Sandra 4409 7.4e+06 7.8e+07 5.5e+03 0.0e+00 0.0e+00  -3.3      -3.7  56  0.1  
Sandra 5903 5.3e+06 1.2e+08 4.3e+03 0.0e+00 0.0e+00  -3.0      -3.8 159  0.2  
Sandra 6062 5.1e+06 5.4e+08 5.5e+03 0.0e+00 0.0e+00  -3.3      -2.6 260  1.8  
Elena     9 1.5e+09 7.6e+09 2.6e+07 1.2e+08 3.1e+07 -13.3 2370 -1.6  71 11.7 
Elena    14 1.9e+09 3.3e+09 2.1e+06 2.0e+07 1.1e+06 -10.0  665 -2.0 524  8.5 
Elena    16 1.7e+09 3.9e+09 2.5e+05 8.6e+05 4.0e+04  -8.1  227 -2.1 200 11.5  
Elena    20 1.1e+09 2.0e+09 6.0e+05 0.0e+00 0.0e+00  -8.4  313 -2.2 157  2.3  
Elena    33 7.6e+08 1.1e+09 1.8e+04 0.0e+00 0.0e+00  -4.5      -2.9 297  0.5  
Elena    43 3.9e+08 2.7e+09 4.2e+06 0.0e+00 0.0e+00 -10.5  599 -2.0  95  3.2  
Elena    75 2.6e+08 1.2e+09 1.1e+06 0.0e+00 0.0e+00  -9.0  703 -2.2  80  2.9  
Elena    96 2.0e+08 7.5e+08 1.1e+05 0.0e+00 0.0e+00  -6.5  304 -2.9  95  0.4  
Elena   173 9.7e+07 9.7e+07 9.2e+03 0.0e+00 0.0e+00  -3.8      -3.5 511  0.1  
Elena   206 8.1e+07 8.3e+07 2.7e+04 0.0e+00 0.0e+00  -5.0      -3.2 333  0.1  
Elena   335 4.6e+07 1.2e+08 9.2e+03 0.0e+00 0.0e+00  -3.8      -3.2 182  0.7  
Elena   350 4.4e+07 5.6e+08 1.3e+04 0.0e+00 0.0e+00  -4.2      -3.2  72  0.2  
Elena   409 3.0e+07 2.4e+09 2.6e+05 0.0e+00 0.0e+00  -7.9  603 -2.1 264  9.9  
Elena   585 2.2e+07 7.7e+08 1.3e+05 0.0e+00 0.0e+00  -6.7  675 -2.5 134  2.2  
Elena   768 1.8e+07 6.1e+07 3.0e+04 0.0e+00 0.0e+00  -5.1      -3.7  77  0.1  
Elena   956 1.3e+07 3.4e+08 8.5e+04 0.0e+00 0.0e+00  -6.2  503 -2.5  52  1.3  
Elena  1648 8.2e+06 3.4e+07 8.0e+03 0.0e+00 0.0e+00  -3.7      -3.6  43  0.2  
